image: map.png
resolution: 0.012000
origin: [-2000.000000, -2000.000000, 0.000000]
negate: 0
occupied_thresh: 0.65
free_thresh: 0.196
